shapley.py - ccomputes shapley value from the subset and accuracies computed by the compute_combinations in results_compression

-------------------------

we compute shapley value for various models which are found in results_networktest/models.


------------

train on 0.9 train
compute the combinations on val (0.1 train)
compute shapley ranking
test on test with the ranking
retrain on the whole training


MNIST ------


Model:
99.27 (10, 20, 100, 25)

conv1: shapley_samp

[ 2.22  3.54  5.53  5.82  6.59  7.03  8.6   9.97 15.21 17.04]
5,0,2,9,3,6,4,7,8,1


conv2:shapley_samp

[0.27 0.33 0.33 0.38 0.44 0.47 0.52 0.53 0.53 0.63 0.66 0.66 0.7  0.72
 0.79 0.81 1.14 1.16 1.64 2.08]
10,13,0,16,15,17,1,18,7,3,6,11,14,5,12,4,19,9,8,2


fc1:

[-0.000272  -0.0000322 -0.000027  -0.0000234 -0.0000214 -0.0000173
 -0.0000171 -0.0000171 -0.0000151 -0.0000148 -0.0000133 -0.0000131
 -0.0000131 -0.0000129 -0.000012  -0.0000118 -0.0000117 -0.0000115
 -0.0000114 -0.0000112 -0.0000112 -0.0000098 -0.0000098 -0.0000097
 -0.0000094 -0.0000093 -0.0000092 -0.0000092 -0.0000089 -0.0000089
 -0.0000088 -0.0000088 -0.0000084 -0.0000079 -0.0000079 -0.0000077
 -0.0000076 -0.0000074 -0.0000074 -0.0000071 -0.0000069 -0.0000069
 -0.0000065 -0.0000063 -0.000006  -0.0000059 -0.0000057 -0.0000056
 -0.0000055 -0.0000051 -0.0000051 -0.0000044 -0.0000044 -0.0000044
 -0.0000043 -0.0000043 -0.0000042 -0.000004  -0.0000038 -0.0000038
 -0.0000037 -0.0000036 -0.0000035 -0.0000035 -0.0000034 -0.0000033
 -0.0000029 -0.0000029 -0.0000027 -0.0000026 -0.0000025 -0.0000024
 -0.0000024 -0.0000023 -0.0000023 -0.0000021 -0.000002  -0.0000018
 -0.0000017 -0.0000017 -0.0000017 -0.0000014 -0.0000012 -0.0000012
 -0.0000012 -0.0000011 -0.000001  -0.000001  -0.0000008 -0.0000007
 -0.0000006 -0.0000003 -0.0000003 -0.0000002 -0.0000002 -0.0000001
 -0.0000001 -0.0000001  0.         0.       ]
Number of samples: 587616
0,1,2,3,4,5,6,7,8,11,10,14,12,13,18,20,9,17,19,16,21,22,28,23,15,33,26,25,32,29,27,24,31,30,36,
35,34,44,40,42,37,38,47,39,52,51,43,49,45,48,41,53,55,50,62,54,58,64,56,46,59,63,57,69,60,68,61,
67,72,66,73,71,65,70,80,75,77,79,74,76,78,84,85,86,81,87,82,83,89,88,94,91,92,90,97,98,96,95,99,93
----------
swicthes
accuracy: 95.12 %
1.080764651298523
accuracy: 95.11 %
Epoch 120 ended.
S
tensor([0.0030, 0.0014, 0.0015, 0.0012, 0.0088, 0.0011, 0.0013, 0.0011, 0.0031,
        0.0035, 0.0011, 0.0012, 0.0013, 0.0014, 0.0020, 0.0016, 0.0011, 0.0028,
        0.0011, 0.0025, 0.0011, 0.0013, 0.0016, 0.0808, 0.0011, 0.1567, 0.0016,
        0.0018, 0.0014, 0.0017, 0.0183, 0.0017, 0.0011, 0.0014, 0.0016, 0.0014,
        0.0011, 0.0019, 0.0011, 0.0013, 0.0016, 0.0025, 0.0011, 0.0319, 0.0030,
        0.0013, 0.0019, 0.0013, 0.0011, 0.0017, 0.0012, 0.0014, 0.0823, 0.0016,
        0.0012, 0.0011, 0.1191, 0.0016, 0.1167, 0.0029, 0.0014, 0.0030, 0.0017,
        0.0016, 0.0028, 0.0011, 0.0011, 0.0011, 0.0015, 0.0013, 0.0019, 0.0011,
        0.0016, 0.0018, 0.0012, 0.0014, 0.0016, 0.0017, 0.0012, 0.0013, 0.0011,
        0.0026, 0.0014, 0.0011, 0.0013, 0.0014, 0.0085, 0.0035, 0.0905, 0.0013,
        0.0017, 0.0011, 0.0011, 0.0026, 0.0016, 0.0014, 0.1432, 0.0018, 0.0014,
        0.0016], device='cuda:0', grad_fn=<DivBackward0>)
tensor([24, 48, 18, 10, 83, 55, 32, 71, 38, 91, 80, 66, 16, 92,  7, 42, 67,  5,
        20, 36, 65, 54,  3, 78, 74, 11, 50, 39, 69, 45,  6, 84, 79, 12, 21, 47,
        89, 13, 51, 35, 28, 85, 82, 60, 33, 98,  1, 75, 95,  2, 68, 76, 63, 40,
        72, 99, 57, 94, 15, 34, 53, 26, 22, 49, 77, 29, 62, 90, 31, 27, 73, 97,
        37, 46, 70, 14, 19, 41, 93, 81, 64, 17, 59,  0, 61, 44,  8,  9, 87, 86,
         4, 30, 43, 23, 52, 88, 58, 56, 96, 25], device='cuda:0')


 fc2: shapley_samp


[-0.   -0.   -0.   -0.   -0.   -0.   -0.   -0.   -0.   -0.   -0.    0.
  0.    0.    0.    8.74  8.84  9.46  9.57  9.75  9.82 10.   10.2  10.22
 11.38]
20,11,15,18,14,17,22,16,21,23,19,12,13,24,10,8,5,9,6,4,0,3,2,7,1

*************************************************
FashionMNIST
99.04
(c3, c5, f6, running only a few hours)

worse to best

--------
c1
shapley
[ 3.4   4.12  4.35  5.35  6.4   7.26  8.92 10.2  14.73 25.03]
8,4,3,9,2,1,5,6,7,0

switches (13 epo)
tensor([0.5789, 0.0030, 0.0023, 0.0019, 0.0029, 0.0456, 0.0037, 0.3475, 0.0022,
        0.0119], device='cuda:0', grad_fn=<DivBackward0>)

6, 9, 5, 7, 0

--------

c3
shapley
[1.9  2.33 2.43 2.94 2.94 3.04 3.05 3.24 4.38 4.4  4.73 5.18 5.29 5.65
 5.75 5.92 6.16 6.98 7.07 8.09]
6,16,2,19,11,3,1,18,7,15,17,8,12,14,4,9,13,0,10,5

switches
15, 14, 13, 8, 5
--------
c5
shapley
[3.16 3.54 3.84 3.9  4.03 4.04 4.07 4.09 4.1  4.13 4.16 4.17 4.17 4.18
 4.18 4.18 4.24 4.27 4.27 4.29 4.29 4.31 4.34 4.34 4.35 4.36 4.37 4.38
 4.38 4.39 4.4  4.41 4.43 4.46 4.47 4.52 4.53 4.54 4.54 4.55 4.57 4.57
 4.58 4.58 4.58 4.58 4.59 4.59 4.6  4.62 4.63 4.63 4.64 4.65 4.66 4.67
 4.67 4.68 4.69 4.69 4.71 4.71 4.71 4.72 4.73 4.73 4.74 4.75 4.75 4.76
 4.76 4.78 4.79 4.79 4.83 4.83 4.87 4.88 4.89 4.93 4.95 4.96 5.   5.01
 5.01 5.02 5.03 5.03 5.04 5.05 5.12 5.12 5.18 5.2  5.21 5.22 5.24 5.47
 5.58 5.62]
0,30,87,66,17,28,62,54,27,11,1,86,96,93,69,48,44,84,8,41,67,47,5,53,16,97,56,23,61,18,24,29,43,38,59,12,72,14,
85,74,21,10,83,51,26,31,35,65,6,46,99,78,42,90,49,19,55,82,22,91,34,36,52,81,73,98,7,2,9,58,57,95,15,71,4,75,
92,64,39,40,25,32,94,63,3,37,20,79,45,50,77,70,76,33,68,13,88,89,60,80

switches (epo 38)
tensor([3.0037e-04, 2.7368e-04, 2.8141e-04, 2.5171e-04, 2.9065e-04, 3.0923e-04,
        2.6929e-04, 1.2994e-01, 3.1325e-04, 3.0887e-04, 2.5048e-04, 2.6167e-04,
        2.8576e-04, 4.0213e-04, 2.6025e-04, 2.7250e-04, 3.2799e-04, 2.4317e-04,
        2.8729e-04, 3.0658e-04, 3.0510e-04, 2.5497e-04, 2.6751e-04, 3.1101e-04,
        2.4747e-04, 3.9489e-04, 2.8050e-04, 2.5753e-04, 2.4626e-04, 3.1231e-04,
        2.7445e-04, 2.3942e-04, 2.5502e-04, 2.9595e-04, 2.7463e-04, 2.5621e-04,
        2.6956e-04, 2.6721e-04, 2.8084e-04, 2.7227e-04, 3.4728e-04, 2.7443e-04,
        2.4575e-04, 2.5631e-04, 2.4746e-04, 3.3520e-04, 2.7999e-04, 2.7381e-04,
        2.4665e-04, 2.5536e-04, 6.6498e-04, 2.9169e-04, 2.5402e-04, 2.5634e-04,
        3.1633e-04, 3.1688e-04, 2.6707e-04, 2.6239e-04, 3.1086e-04, 3.0732e-04,
        3.5317e-04, 2.7873e-04, 2.5936e-04, 2.9615e-04, 2.5778e-04, 2.7458e-04,
        2.8541e-04, 2.8738e-04, 2.4058e-04, 2.4908e-04, 2.8762e-04, 2.8553e-04,
        2.5396e-04, 2.4465e-04, 2.5112e-04, 3.3862e-04, 3.0395e-04, 2.5645e-04,
        2.7338e-04, 2.8649e-04, 2.6953e-04, 2.6295e-04, 2.6351e-04, 2.5346e-04,
        2.6447e-04, 3.1296e-04, 3.0116e-04, 3.2227e-04, 2.9893e-04, 3.2073e-04,
        2.8280e-04, 2.5298e-04, 3.8231e-04, 2.6115e-04, 8.4196e-01, 2.5851e-04,
        2.7968e-04, 2.5740e-04, 3.1628e-04, 3.0479e-04], device='cuda:0',
       grad_fn=<DivBackward0>)

7, 94
--------
f6
shapley
[ 1.92  2.08  2.1   2.16  2.17  2.17  2.21  2.22  2.22  2.23  2.24  2.25
  2.25  2.4   2.48  7.59  9.35  9.7   9.76 10.59 11.37 11.63 11.72 11.76
 11.88]
16,10,22,21,23,11,15,18,17,20,12,24,14,13,19,6,0,4,2,3,7,9,8,1,5

switches (50)

tensor([0.0740, 0.1463, 0.0760, 0.0586, 0.0719, 0.1296, 0.0380, 0.1421, 0.1193,
        0.1416, 0.0002, 0.0002, 0.0002, 0.0002, 0.0002, 0.0002, 0.0002, 0.0002,
        0.0002, 0.0002, 0.0002, 0.0002, 0.0002, 0.0002, 0.0002],
       device='cuda:0', grad_fn=<DivBackward0>)
	   
6, 0, 2, 3, 8, 5, 9, 7, 1	

the interesting obsewrvations:

last nodes are useless
6 discovered smallest of relevant
	   

****************************************
***************************************
For vgg we use the files which are in
sftp://laxbach.is.localnet/is/ei/kadamczewski/Dropbox/Current_research/python_tests/results_networktest/external_codes/pytorch-cifar-master/

the models/ checkpoints are in: pytorch-cifar-master/checkpoint
the sampled combinations for shaplye value are in: pytorch-cifar-master/results_running/

c1
[1.51 1.64 1.65 1.66 1.67 1.69 1.71 1.74 1.76 1.78 1.79 1.81 1.82 1.89
 1.89 1.9  1.9  1.9  1.91 1.91 1.91 1.91 1.92 1.92 1.94 1.95 1.95 1.95
 1.96 1.97 1.98 1.98 1.99 1.99 2.   2.01 2.02 2.05 2.05 2.07 2.1  2.1
 2.1  2.11 2.14 2.16 2.16 2.22 2.23 2.26 2.27 2.27 2.29 2.33 2.38 2.44
 2.47 2.5  2.66 2.79 3.21 3.3  3.81 4.8 ]
27,18,31,15,7,26,23,1,19,10,62,41,28,40,17,21,2,47,8,48,32,35,4,14,56,13,0,33,
36,63,20,44,16,5,42,9,50,34,3,11,38,54,45,55,57,51,24,37,46,61,52,12,39,6,43,58,
49,22,30,60,29,25,59,53

c2
[1.8  1.84 1.84 1.86 1.89 1.9  1.91 1.92 1.93 1.95 1.96 1.97 1.98 1.98
 2.   2.04 2.05 2.06 2.06 2.06 2.06 2.07 2.08 2.09 2.1  2.11 2.11 2.13
 2.15 2.15 2.15 2.17 2.19 2.19 2.2  2.2  2.22 2.25 2.25 2.26 2.27 2.27
 2.27 2.29 2.3  2.31 2.32 2.32 2.33 2.36 2.36 2.4  2.41 2.42 2.43 2.43
 2.46 2.47 2.47 2.49 2.5  2.59 2.81 4.08]
7,24,58,26,52,22,49,9,11,31,8,55,15,6,57,17,43,51,59,20,63,14,10,44,19,0,62,36,
34,28,41,45,21,3,37,38,54,39,27,46,47,18,16,50,23,5,35,25,1,48,60,53,
12,56,40,33,13,32,4,30,61,42,2,29

c3
[2.08 2.51 2.58 2.64 2.66 2.74 2.79 2.86 2.96 3.07 3.14 4.42 4.43 4.45
 4.53 4.53 4.57 4.58 4.59 4.6  4.61 4.62 4.62 4.66 4.67 4.67 4.68 4.69
 4.69 4.71 4.71 4.71 4.72 4.72 4.72 4.72 4.73 4.73 4.74 4.75 4.75 4.76
 4.77 4.77 4.77 4.78 4.78 4.78 4.79 4.8  4.8  4.8  4.8  4.8  4.81 4.81
 4.81 4.82 4.82 4.82 4.83 4.83 4.84 4.85 4.85 4.86 4.86 4.86 4.87 4.87
 4.87 4.88 4.88 4.89 4.89 4.89 4.89 4.9  4.9  4.91 4.91 4.91 4.92 4.92
 4.94 4.95 4.95 4.97 4.98 4.98 4.98 4.98 4.99 4.99 5.   5.   5.   5.01
 5.02 5.03 5.03 5.04 5.04 5.06 5.07 5.08 5.09 5.09 5.09 5.09 5.12 5.13
 5.13 5.13 5.14 5.15 5.16 5.17 5.17 5.17 5.28 5.29 5.3  5.31 5.35 5.4
 5.42 5.91]
7,4,6,3,8,9,5,2,1,0,10,94,110,44,125,82,68,20,56,12,105,86,97,102,89,107,
28,118,83,30,17,76,31,52,35,62,11,21,19,39,57,64,122,109,79,120,81,72,55,
103,15,18,63,22,25,42,27,98,100,16,46,67,126,74,113,78,61,116,60,91,26,32,
124,112,77,90,50,49,123,69,85,40,48,66,43,45,36,53,58,119,71,108,51,99,54,
127,80,84,59,34,115,13,24,114,23,104,14,111,47,95,33,92,93,117,29,101,121,
106,96,70,41,38,37,75,65,87,73,88


c4 0,17,30 100000
[2.59 2.61 2.64 2.64 2.65 2.65 2.67 2.68 2.69 2.69 2.69 2.69 2.7  2.7
 2.71 2.71 2.71 2.72 2.72 2.73 2.73 2.73 2.74 2.74 2.75 2.75 2.76 2.76
 2.76 2.76 2.77 2.77 2.77 2.77 2.77 2.78 2.78 2.78 2.8  2.8  2.8  2.81
 2.81 2.81 2.82 2.82 2.82 2.83 2.83 2.84 2.84 2.84 2.84 2.85 2.85 2.85
 2.85 2.85 2.85 2.85 2.86 2.86 2.86 2.86 2.87 2.87 2.87 2.88 2.88 2.88
 2.89 2.89 2.89 2.89 2.89 2.9  2.9  2.9  2.9  2.9  2.9  2.9  2.91 2.92
 2.92 2.92 2.92 2.93 2.93 2.93 2.94 2.94 2.94 2.94 2.94 2.94 2.96 2.97
 2.98 2.99 2.99 2.99 2.99 2.99 2.99 3.01 3.01 3.02 3.03 3.04 3.04 3.04
 3.04 3.05 3.05 3.05 3.07 3.08 3.1  3.13 3.14 3.18 3.22 3.22 3.27 3.42
 3.43 4.43]
98,23,0,58,122,34,47,116,1,99,69,7,49,3,80,64,82,74,43,86,28,65,2,123,16,
26,81,8,14,30,111,92,125,83,6,54,106,45,36,56,35,121,42,101,29,24,77,90,
114,33,67,78,46,48,4,117,109,103,119,113,127,96,85,79,118,107,105,73,37,120,
71,88,91,76,50,20,53,31,72,57,32,124,89,108,104,38,13,61,126,27,75,93,11,40,
21,60,5,66,87,112,9,39,59,41,51,110,94,115,22,52,15,62,17,19,97,102,68,63,70,
44,25,10,55,18,95,100,12,84

c5 (0, 65, 191) 100000

[2.26 2.46 2.47 2.5  2.51 2.55 2.55 2.56 2.57 2.57 2.57 2.57 2.57 2.58
 2.59 2.59 2.59 2.6  2.6  2.61 2.61 2.61 2.61 2.61 2.62 2.62 2.62 2.62
 2.62 2.63 2.63 2.63 2.63 2.63 2.63 2.63 2.63 2.63 2.64 2.64 2.64 2.64
 2.64 2.65 2.65 2.65 2.65 2.66 2.66 2.66 2.66 2.67 2.67 2.67 2.67 2.67
 2.67 2.67 2.67 2.68 2.68 2.69 2.69 2.69 2.69 2.7  2.7  2.7  2.7  2.7
 2.7  2.7  2.7  2.7  2.71 2.71 2.71 2.71 2.72 2.72 2.72 2.72 2.72 2.73
 2.73 2.73 2.73 2.73 2.73 2.73 2.73 2.73 2.74 2.74 2.74 2.74 2.74 2.74
 2.75 2.75 2.75 2.75 2.75 2.75 2.75 2.75 2.75 2.75 2.75 2.75 2.76 2.76
 2.76 2.76 2.76 2.76 2.76 2.76 2.76 2.76 2.77 2.77 2.77 2.77 2.77 2.78
 2.78 2.78 2.78 2.78 2.78 2.78 2.78 2.78 2.78 2.78 2.79 2.79 2.79 2.79
 2.79 2.79 2.8  2.8  2.8  2.8  2.8  2.8  2.8  2.8  2.8  2.81 2.81 2.81
 2.81 2.81 2.81 2.81 2.81 2.81 2.81 2.81 2.82 2.82 2.82 2.82 2.82 2.82
 2.82 2.82 2.83 2.83 2.84 2.84 2.84 2.84 2.84 2.84 2.85 2.85 2.85 2.85
 2.85 2.85 2.86 2.86 2.86 2.86 2.86 2.86 2.87 2.87 2.87 2.87 2.87 2.88
 2.88 2.88 2.88 2.88 2.88 2.89 2.89 2.89 2.89 2.89 2.89 2.89 2.89 2.9
 2.9  2.9  2.9  2.9  2.91 2.91 2.92 2.92 2.92 2.92 2.92 2.93 2.93 2.94
 2.95 2.95 2.96 2.96 2.96 2.97 2.98 2.98 2.98 2.98 2.99 3.   3.   3.
 3.01 3.01 3.02 3.04 3.04 3.07 3.08 3.12 3.13 3.2  3.21 3.21 3.21 3.22
 3.32 3.47 3.55 3.8 ]
0,217,107,102,12,168,225,247,202,166,199,137,43,22,86,135,53,42,163,237,119,
108,195,126,111,128,31,242,19,211,204,175,64,196,221,120,30,136,35,181,63,220,
6,45,73,117,241,210,239,250,231,203,143,144,192,133,1,50,224,70,176,91,38,180,
5,178,138,29,92,114,8,177,75,93,124,95,191,36,164,100,209,171,16,197,194,240,
72,24,11,13,46,161,235,10,149,206,71,172,158,83,207,148,167,60,153,248,47,157,
152,216,62,212,244,159,32,185,78,15,69,127,87,253,104,187,74,105,33,165,59,227,
147,182,61,243,193,18,106,188,9,96,186,229,183,232,88,58,215,234,56,67,198,28,150,
121,79,57,109,84,34,39,179,246,3,226,205,223,141,222,255,51,97,162,110,213,80,113,
169,25,76,118,81,139,27,142,7,236,37,228,52,131,154,174,251,49,21,23,208,201,122,41,
4,40,103,65,48,160,20,140,55,190,94,254,132,115,54,214,90,17,249,218,66,184,170,130,
219,68,44,200,82,101,145,112,151,189,77,89,116,123,233,238,173,2,14,98,156,134,252,
129,26,146,230,155,125,85,245,99


c6 (0, 65, 199) 20000
[2.13 2.15 2.26 2.28 2.29 2.29 2.35 2.36 2.36 2.37 2.37 2.4  2.42 2.43
 2.44 2.45 2.45 2.45 2.45 2.45 2.46 2.46 2.48 2.48 2.49 2.5  2.51 2.51
 2.52 2.53 2.54 2.54 2.54 2.55 2.55 2.55 2.57 2.57 2.58 2.58 2.58 2.58
 2.59 2.59 2.59 2.59 2.6  2.6  2.6  2.61 2.62 2.62 2.62 2.62 2.63 2.63
 2.64 2.64 2.64 2.64 2.65 2.66 2.66 2.66 2.66 2.66 2.66 2.66 2.66 2.67
 2.67 2.68 2.68 2.68 2.68 2.68 2.68 2.68 2.69 2.69 2.69 2.7  2.7  2.71
 2.71 2.71 2.71 2.71 2.71 2.72 2.72 2.73 2.73 2.73 2.73 2.74 2.74 2.74
 2.74 2.74 2.74 2.75 2.75 2.76 2.76 2.76 2.76 2.77 2.77 2.77 2.77 2.77
 2.77 2.78 2.78 2.79 2.79 2.79 2.79 2.8  2.8  2.8  2.81 2.81 2.81 2.81
 2.82 2.82 2.82 2.82 2.82 2.82 2.82 2.83 2.83 2.83 2.83 2.83 2.83 2.83
 2.84 2.84 2.84 2.85 2.85 2.85 2.85 2.85 2.86 2.86 2.87 2.88 2.88 2.88
 2.88 2.89 2.89 2.9  2.9  2.9  2.91 2.91 2.91 2.91 2.91 2.91 2.91 2.91
 2.92 2.92 2.92 2.93 2.93 2.93 2.93 2.94 2.94 2.94 2.94 2.94 2.94 2.94
 2.95 2.95 2.96 2.96 2.96 2.96 2.96 2.97 2.97 2.98 2.98 2.99 2.99 3.
 3.   3.   3.01 3.01 3.02 3.02 3.03 3.03 3.04 3.05 3.05 3.06 3.06 3.06
 3.07 3.08 3.09 3.09 3.09 3.09 3.1  3.1  3.11 3.11 3.11 3.12 3.13 3.13
 3.13 3.13 3.13 3.14 3.15 3.15 3.15 3.15 3.16 3.17 3.17 3.17 3.18 3.19
 3.2  3.21 3.21 3.22 3.23 3.23 3.23 3.24 3.24 3.24 3.25 3.25 3.28 3.29
 3.31 3.33 3.4  3.55]
0,60,162,187,195,40,66,11,129,228,176,125,101,131,198,93,119,217,76,49,
13,128,253,157,78,44,29,166,38,140,219,226,111,114,151,225,83,22,50,25,
227,221,223,188,95,155,122,206,64,211,89,77,144,229,148,108,65,82,36,68,
37,118,252,7,154,207,190,204,75,15,67,244,92,90,174,18,54,110,46,85,45,
167,31,17,184,19,32,136,183,254,164,72,116,209,145,69,135,250,109,251,
3,243,71,237,203,30,158,218,103,161,24,216,58,138,249,27,141,149,180,26,
9,238,8,43,14,248,200,241,150,222,42,106,199,193,20,189,182,102,53,153,
143,163,34,165,255,134,245,47,98,212,214,99,2,147,210,171,197,88,159,35,
224,94,205,62,12,21,186,123,96,91,246,61,115,194,240,220,213,23,133,107,
33,104,139,52,56,152,169,16,105,231,173,201,233,242,84,181,87,121,5,81,
126,48,192,208,73,177,112,41,175,130,236,232,202,55,1,117,132,196,97,6,
51,124,79,70,234,215,235,80,74,146,191,39,156,100,179,4,239,59,86,28,57,
10,113,172,247,168,120,127,230,137,170,185,142,178,63,160

c7 (0, 64, 175) 40000 samples

[2.1  2.37 2.43 2.44 2.44 2.46 2.46 2.46 2.46 2.47 2.47 2.48 2.5  2.5
 2.5  2.51 2.51 2.52 2.52 2.52 2.53 2.53 2.53 2.53 2.53 2.54 2.55 2.55
 2.56 2.56 2.56 2.56 2.56 2.56 2.56 2.57 2.58 2.58 2.58 2.59 2.59 2.59
 2.6  2.6  2.61 2.61 2.61 2.61 2.61 2.62 2.62 2.62 2.62 2.62 2.62 2.62
 2.63 2.63 2.63 2.63 2.63 2.64 2.64 2.64 2.64 2.64 2.64 2.64 2.64 2.64
 2.64 2.64 2.65 2.65 2.65 2.66 2.66 2.66 2.67 2.67 2.67 2.68 2.68 2.68
 2.68 2.68 2.68 2.68 2.69 2.69 2.69 2.69 2.69 2.69 2.7  2.7  2.7  2.7
 2.7  2.7  2.7  2.7  2.71 2.71 2.71 2.71 2.71 2.71 2.71 2.71 2.72 2.72
 2.72 2.72 2.72 2.72 2.72 2.72 2.73 2.73 2.73 2.73 2.73 2.74 2.74 2.74
 2.74 2.74 2.75 2.75 2.75 2.75 2.75 2.75 2.76 2.76 2.76 2.76 2.76 2.77
 2.77 2.78 2.78 2.78 2.79 2.79 2.79 2.79 2.79 2.79 2.8  2.8  2.8  2.8
 2.8  2.8  2.8  2.81 2.81 2.81 2.81 2.81 2.81 2.81 2.81 2.81 2.82 2.82
 2.82 2.82 2.82 2.82 2.82 2.83 2.83 2.83 2.83 2.84 2.84 2.84 2.85 2.85
 2.85 2.85 2.86 2.86 2.86 2.86 2.86 2.87 2.87 2.87 2.87 2.87 2.87 2.87
 2.88 2.88 2.88 2.88 2.88 2.88 2.89 2.89 2.89 2.89 2.89 2.89 2.89 2.89
 2.89 2.89 2.89 2.89 2.9  2.9  2.9  2.9  2.91 2.91 2.92 2.93 2.93 2.94
 2.94 2.94 2.94 2.95 2.95 2.96 2.96 2.96 2.98 2.98 2.98 2.99 3.   3.01
 3.01 3.01 3.01 3.02 3.03 3.03 3.03 3.04 3.04 3.06 3.07 3.07 3.07 3.11
 3.15 3.18 3.21 3.22]
0,249,62,221,80,119,86,145,47,105,112,17,69,4,242,197,101,97,174,164,212,
73,243,158,149,108,135,18,58,81,163,20,237,125,157,251,30,68,14,114,36,136,
42,111,32,133,122,255,160,115,200,87,91,139,29,143,246,82,187,61,195,186,89,
199,123,76,226,252,110,238,44,201,190,155,222,215,52,219,28,240,159,184,99,6,
217,231,50,132,130,194,250,25,153,183,148,1,235,196,192,43,7,34,171,156,205,
113,227,75,45,213,134,53,150,144,137,8,127,236,169,253,202,9,218,2,141,54,179,
60,220,35,13,26,124,176,39,103,109,181,126,241,65,57,15,177,131,74,189,16,118,
96,5,178,161,229,100,27,239,10,66,147,3,63,22,117,104,64,21,254,19,88,107,138,
92,24,248,59,223,214,23,146,204,70,120,203,46,129,37,106,172,83,151,206,93,55,
191,56,170,79,71,128,41,102,90,247,85,162,72,225,188,210,12,165,166,185,98,230,
49,175,245,31,152,33,140,142,51,154,224,48,207,67,77,180,84,95,11,167,209,121,
40,228,198,38,232,116,234,244,211,94,216,168,173,193,208,233,182,78




c8  (40, 176)  10000

   [6,5,21,1,4,7,11,17,34,26,9,14,31,13,25,39,29,33,22,12,35,2,16,37,3,38,19,
27,8,28,0,30,24,23,32,36,20,15,10,40,170,335,18,159,371,281,307,78,373,225,
499,213,112,81,152,198,377,68,345,295,195,423,333,294,55,204,452,242,414,
276,173,200,251,385,128,464,247,158,181,283,493,201,404,223,482,336,361,
460,267,175,365,53,362,470,269,510,65,84,97,376,417,216,237,235,300,443,
341,384,508,249,47,456,472,111,94,161,234,390,245,405,101,451,351,393,298,
203,289,91,182,87,109,264,150,497,153,279,139,353,138,487,254,363,477,189,
202,261,178,145,402,275,172,48,224,278,62,207,466,72,474,156,43,453,286,407,
125,49,396,326,243,395,316,255,73,354,419,219,287,162,313,115,259,118,457,
299,446,387,392,327,151,285,154,338,411,126,146,57,184,253,95,436,121,303,
144,509,46,60,449,424,310,325,426,372,296,67,233,220,280,180,211,328,506,
321,120,340,301,227,306,359,257,106,206,166,352,348,130,425,248,168,212,291,
199,408,495,56,455,458,71,397,129,304,99,400,256,337,398,368,461,447,163,45,
391,412,290,364,355,442,428,494,61,246,218,440,135,74,329,438,388,54,41,238,
132,502,382,475,366,183,171,75,271,323,66,222,383,252,133,381,92,413,250,103,
157,448,450,110,504,240,343,342,357,174,349,82,270,210,288,215,113,318,431,
483,484,282,358,107,356,194,136,266,507,232,375,467,308,320,505,268,226,263,
51,473,141,176,197,149,143,123,432,177,90,330,374,273,305,311,100,148,142,
386,88,389,468,350,427,465,401,185,79,332,77,169,434,409,117,102,498,209,
322,511,83,231,370,76,140,454,420,260,309,165,262,418,131,334,187,147,58,
324,208,59,459,415,421,221,379,445,369,44,490,236,492,410,444,312,302,239,
347,137,486,93,52,439,228,258,63,367,429,274,244,229,164,476,80,105,315,501,
70,406,119,96,85,317,314,167,496,489,378,435,192,155,188,485,104,491,179,186,
469,98,134,380,399,116,64,346,160,331,319,503,42,205,122,471,241,124,265,190,
441,394,114,193,196,293,430,480,230,214,437,463,297,479,127,422,500,292,272,
481,69,50,403,488,344,339,217,89,108,191,86,284,360,433,462,416,277,478],



c9  (21, 510) 10000

12,2,8,7,19,11,15,18,6,5,3,0,10,1,13,17,9,21,20,16,4,14,175,486,510,202,223,
152,431,115,87,118,35,84,271,214,23,454,363,469,213,99,275,439,241,111,321,430,
22,396,126,147,379,143,375,62,502,168,244,160,145,457,346,393,403,257,139,107,350,
334,83,251,52,134,413,226,220,311,191,137,108,227,45,47,315,94,243,305,195,421,
188,436,69,140,424,499,455,266,103,435,109,501,407,117,66,85,503,364,153,157,114,
461,478,215,361,181,498,43,252,291,448,238,138,76,383,500,32,97,504,410,74,495,
269,129,96,110,420,463,24,279,389,511,172,442,80,422,335,210,71,46,93,206,342,
400,324,387,177,470,460,130,412,28,82,128,39,316,263,127,492,487,119,349,250,61,
477,79,372,474,65,193,204,441,440,179,77,444,225,432,443,493,353,348,310,288,
303,249,325,377,224,233,146,174,300,452,235,236,56,381,380,355,144,367,276,360,
95,445,333,494,242,358,345,326,113,112,131,216,462,102,284,382,124,207,218,354,
135,282,395,332,451,222,229,344,438,351,180,490,68,239,90,132,50,309,219,414,
376,70,240,73,208,171,158,123,429,418,302,471,199,262,392,151,190,150,78,399,
472,273,437,148,248,295,187,274,72,423,30,125,40,286,198,211,48,55,159,205,142,
221,197,497,122,488,425,166,313,234,154,121,386,272,304,260,156,162,283,254,
402,196,482,415,184,264,337,161,374,370,54,38,101,88,247,212,92,329,256,373,
163,507,136,63,106,328,91,397,479,433,290,64,33,36,194,265,485,100,508,356,
51,456,366,292,476,217,409,426,267,104,320,297,67,133,308,416,428,318,394,496,
312,116,447,280,29,330,296,299,473,453,459,327,467,42,270,34,417,120,209,489,59,
185,183,446,481,480,178,173,458,167,464,465,468,165,164,189,483,475,57,371,245,
365,246,362,319,278,378,322,411,141,505,343,25,338,341,277,340,237,509,408,301,
406,405,81,289,398,306,339,60,491,307,391,390,388,230,314,466,323,385,294,228,
53,484,253,258,261,506,26,58,352,203,44,200,287,259,281,404,89,347,169,298,384,
293,359,449,105,255,27,37,434,317,155,170,427,232,75,186,401,331,336,369,31,49,
268,98,357,86,285,450,176,182,41,368,201,192,419,231,149


c10 (25, 453) 20000

4,3,22,14,2,16,18,6,9,11,19,10,23,8,1,24,15,5,13,0,21,25,12,7,17,20,397,355,
168,185,288,294,492,107,331,134,314,316,122,196,381,329,473,139,484,143,467,
67,217,167,54,232,208,160,507,202,509,37,374,94,459,290,64,231,488,432,449,164,
60,399,275,205,73,225,32,69,348,393,367,85,368,390,465,301,133,504,224,234,174,
110,240,395,28,489,108,43,461,360,413,491,40,289,149,405,371,171,448,126,322,245,
510,384,380,300,153,263,96,447,332,98,249,227,244,472,145,293,50,354,212,31,486,
260,255,95,154,111,438,437,89,363,464,330,92,34,503,326,179,56,229,146,236,338,
415,117,39,345,292,131,341,221,165,101,402,451,286,296,285,369,58,26,382,57,398,
206,276,49,118,130,305,421,434,162,379,140,358,396,453,308,409,455,407,280,
132,476,187,104,313,320,350,420,200,361,97,281,180,335,278,419,230,357,82,42,
142,197,166,385,44,427,48,254,99,307,86,404,497,250,103,120,450,248,75,211,375,
494,337,445,470,429,431,267,468,299,303,495,319,78,173,41,181,91,36,383,209,391,
33,76,499,127,439,287,106,188,273,55,463,416,403,466,112,70,442,121,474,306,138,
125,496,480,302,268,298,304,220,81,204,353,328,511,223,214,147,157,376,29,274,215,
251,435,83,423,113,135,233,310,460,198,346,272,356,241,283,297,315,74,359,269,237,
90,109,309,352,424,222,478,483,158,68,284,458,425,246,342,412,490,105,481,52,71,410,
176,317,386,59,433,366,430,190,340,454,128,372,216,259,219,191,178,144,238,475,446,27,
47,422,336,258,141,349,114,351,373,406,325,501,172,394,183,252,199,261,45,291,207,239,
487,63,411,170,339,441,401,186,392,177,210,389,169,193,277,257,452,242,508,370,500,377,
471,175,505,161,312,436,498,218,150,88,426,282,35,129,46,116,462,279,184,163,151,38,
456,148,30,156,152,479,123,87,79,51,364,84,65,270,271,362,265,100,343,334,365,247,
201,226,189,428,253,295,327,80,192,115,323,262,477,378,318,502,203,195,506,264,77,
344,155,182,482,124,119,266,418,159,228,136,469,213,66,440,444,414,417,388,457,408,
321,333,137,400,493,62,324,311,61,93,387,102,485,347,53,243,72,443,256,194,235



c11 (25, 337) 20000

15,8,11,1,14,7,18,2,19,17,9,12,22,20,16,4,10,3,13,23,24,6,5,21,25,0,436,59,249,
165,459,330,92,488,432,449,47,178,356,302,37,257,508,268,134,246,305,394,85,281,
64,157,283,466,127,292,501,367,51,41,313,503,458,377,58,471,120,403,387,505,80,147,
83,132,411,244,502,271,298,202,477,142,89,344,210,150,49,465,484,75,71,156,407,79,
229,408,454,228,345,405,351,291,393,425,140,378,195,28,185,424,380,119,478,87,431,
65,57,388,418,290,272,253,152,164,60,368,48,224,328,241,113,33,240,375,148,95,154,
194,123,145,415,133,463,146,149,309,208,62,255,260,369,316,141,325,438,143,282,444,
287,126,427,70,396,370,74,306,108,117,248,192,374,207,96,474,506,139,130,236,179,45,
184,217,161,251,266,155,159,468,383,301,286,128,346,233,73,204,349,448,355,426,384,
277,186,456,111,168,338,322,442,433,180,460,413,219,39,347,429,136,469,35,352,337,
235,211,358,230,331,376,54,410,339,340,104,93,187,112,101,453,304,333,389,490,115,
67,173,494,341,137,264,318,68,158,116,329,445,206,492,450,105,196,357,289,392,198,
209,491,404,118,160,98,200,423,188,364,308,239,420,259,467,489,274,227,169,175,31,
275,507,151,481,327,55,226,162,135,397,395,300,348,221,222,225,499,315,360,511,437,
121,40,280,317,293,267,475,354,263,500,77,399,183,190,270,100,509,122,174,88,81,
483,285,189,247,131,326,504,428,167,269,299,343,258,205,53,213,166,284,50,201,78,
470,191,324,215,84,421,382,234,232,32,177,237,487,422,406,125,90,390,69,197,124,
66,443,256,439,496,365,129,212,238,486,243,386,153,42,76,482,63,430,279,82,26,144,
294,181,440,381,295,312,485,414,106,110,321,342,102,72,446,476,401,214,452,172,
303,310,398,498,56,138,109,314,107,218,451,379,30,46,245,472,497,510,34,447,278,
163,223,44,43,461,261,462,38,480,273,265,479,36,455,473,372,319,176,402,216,320,
323,391,385,412,332,335,91,363,362,361,350,231,334,416,27,419,434,97,353,52,297,
29,171,254,409,99,203,336,276,103,366,288,220,199,250,182,262,193,441,311,94,464,
417,400,457,495,493,252,371,435,296,307,86,114,61,359,242,373,170


c12 (6, 297) 20000

[2.27 2.56 2.72 2.74 2.84 2.88 3.18 4.83 4.84 4.92 4.95 4.96 4.97 4.98
 4.98 4.98 5.   5.01 5.02 5.02 5.02 5.02 5.03 5.03 5.03 5.04 5.04 5.05
 5.05 5.06 5.06 5.07 5.08 5.08 5.08 5.08 5.08 5.09 5.09 5.1  5.1  5.1
 5.1  5.1  5.1  5.11 5.11 5.11 5.11 5.12 5.12 5.12 5.12 5.12 5.12 5.13
 5.13 5.14 5.15 5.15 5.15 5.15 5.16 5.17 5.17 5.17 5.17 5.17 5.18 5.18
 5.18 5.18 5.19 5.19 5.19 5.19 5.19 5.19 5.19 5.19 5.2  5.2  5.2  5.2
 5.2  5.2  5.2  5.2  5.2  5.2  5.2  5.2  5.2  5.2  5.2  5.2  5.21 5.21
 5.21 5.21 5.21 5.21 5.21 5.21 5.21 5.21 5.21 5.21 5.21 5.21 5.21 5.21
 5.21 5.21 5.21 5.21 5.21 5.21 5.22 5.22 5.22 5.22 5.22 5.22 5.22 5.22
 5.22 5.22 5.22 5.22 5.22 5.22 5.22 5.22 5.22 5.22 5.22 5.22 5.22 5.22
 5.23 5.23 5.23 5.23 5.23 5.23 5.23 5.23 5.23 5.23 5.23 5.23 5.23 5.23
 5.23 5.23 5.23 5.23 5.23 5.23 5.23 5.23 5.23 5.23 5.24 5.24 5.24 5.24
 5.24 5.24 5.24 5.24 5.24 5.24 5.24 5.24 5.24 5.24 5.24 5.24 5.24 5.24
 5.24 5.25 5.25 5.25 5.25 5.25 5.25 5.25 5.26 5.26 5.26 5.26 5.26 5.26
 5.26 5.26 5.27 5.27 5.27 5.28 5.28 5.3  5.32 5.33 5.33 5.33 5.34 5.34
 5.34 5.34 5.34 5.34 5.34 5.34 5.34 5.34 5.34 5.34 5.34 5.34 5.34 5.34
 5.34 5.34 5.34 5.34 5.34 5.34 5.34 5.34 5.34 5.34 5.34 5.34 5.34 5.34
 5.34 5.35 5.35 5.35 5.35 5.35 5.35 5.35 5.35 5.35 5.35 5.35 5.35 5.35
 5.35 5.35 5.35 5.35 5.35 5.35 5.35 5.35 5.35 5.35 5.35 5.35 5.35 5.35
 5.35 5.35 5.35 5.35 5.35 5.35 5.35 5.35 5.35 5.35 5.35 5.35 5.35 5.35
 5.35 5.35 5.35 5.35 5.35 5.35 5.35 5.35 5.35 5.35 5.35 5.35 5.35 5.35
 5.35 5.35 5.35 5.35 5.35 5.35 5.35 5.35 5.35 5.35 5.35 5.35 5.35 5.35
 5.35 5.35 5.35 5.35 5.35 5.35 5.35 5.35 5.35 5.35 5.35 5.35 5.35 5.35
 5.35 5.35 5.35 5.35 5.35 5.35 5.35 5.35 5.35 5.35 5.35 5.35 5.35 5.35
 5.35 5.35 5.35 5.35 5.35 5.35 5.35 5.35 5.35 5.35 5.35 5.35 5.35 5.35
 5.35 5.35 5.35 5.35 5.35 5.35 5.35 5.35 5.35 5.35 5.35 5.35 5.35 5.35
 5.35 5.35 5.35 5.35 5.35 5.35 5.35 5.35 5.35 5.35 5.35 5.35 5.35 5.35
 5.35 5.35 5.35 5.35 5.35 5.35 5.35 5.35 5.35 5.35 5.35 5.35 5.35 5.36
 5.36 5.36 5.36 5.36 5.36 5.36 5.36 5.36 5.36 5.36 5.36 5.36 5.36 5.36
 5.36 5.36 5.36 5.36 5.36 5.36 5.36 5.36 5.36 5.36 5.36 5.36 5.36 5.36
 5.36 5.36 5.36 5.36 5.36 5.36 5.36 5.36 5.36 5.36 5.36 5.36 5.36 5.36
 5.36 5.36 5.36 5.36 5.36 5.36 5.36 5.36 5.36 5.36 5.36 5.37 5.37 5.37
 5.37 5.37 5.37 5.37 5.37 5.37 5.37 5.37 5.37 5.37 5.37 5.37 5.37 5.37
 5.37 5.37 5.37 5.37 5.37 5.37 5.37 5.37 5.37 5.37 5.37 5.37 5.37 5.37
 5.37 5.37 5.37 5.38 5.38 5.38 5.38 5.38 5.38 5.38 5.38 5.38 5.38 5.38
 5.39 5.39 5.39 5.39 5.39 5.39 5.39 5.39 5.39 5.39 5.39 5.39 5.4  5.4
 5.4  5.4  5.4  5.4  5.41 5.41 5.42 5.53]
1,4,0,3,5,2,6,234,153,302,166,135,357,191,123,168,505,134,113,196,496,164,
339,90,194,301,149,91,223,273,16,348,243,280,469,311,399,213,278,386,101,219,
317,167,308,232,410,338,57,81,454,98,160,184,216,150,452,40,264,240,63,66,281,
117,229,314,72,297,199,299,321,447,318,13,445,500,274,474,156,231,476,331,51,
73,105,54,275,50,390,356,336,137,269,263,175,138,27,233,7,458,414,228,347,
83,253,385,422,268,380,195,307,325,402,362,405,448,451,178,276,398,37,403,
332,510,192,43,438,74,107,366,372,173,78,283,94,341,313,36,221,79,85,45,
423,181,504,391,176,222,444,188,80,360,361,327,39,250,490,351,99,131,345,
397,259,130,267,507,439,270,159,288,239,279,84,147,87,421,133,28,174,485,68,
506,158,241,129,464,369,53,110,92,424,215,392,197,477,25,187,186,8,86,114,337,
32,492,508,352,368,19,471,140,379,282,218,249,56,206,109,436,35,180,375,300,
15,404,88,286,31,238,370,204,309,498,292,377,312,426,460,161,104,429,319,430,
468,427,320,467,466,431,428,473,305,437,461,472,463,449,315,420,455,462,456,
432,419,363,322,382,343,499,376,497,374,349,350,489,367,365,353,364,354,491,
383,416,384,503,323,415,413,326,355,328,479,407,406,334,480,395,335,393,481,
484,412,511,67,112,190,111,100,200,201,202,97,205,208,209,95,89,82,75,70,217,
145,225,189,185,115,116,146,298,141,148,151,152,139,157,162,226,163,127,125,
165,122,171,121,120,118,179,132,230,143,38,14,293,258,34,65,33,261,30,265,29,
271,272,26,17,24,284,20,41,18,290,12,64,236,9,237,10,55,294,295,52,247,248,
46,44,245,71,224,48,442,47,434,287,255,394,154,409,227,483,478,254,49,59,344,
169,183,142,244,182,144,257,266,198,378,23,440,486,502,103,418,126,389,220,155,
346,304,77,108,42,482,453,488,459,69,136,106,22,119,124,285,21,381,340,58,203,
260,509,470,371,457,333,487,207,252,306,62,465,411,291,493,388,76,324,96,495,
435,193,212,417,251,246,296,342,128,408,433,400,330,11,441,475,102,387,60,446,
359,177,61,214,93,396,358,329,425,277,242,443,303,211,501,172,450,210,170,494,
373,256,401,316,289,235,310,262


c13 (25,266) 20000

[1.93 2.18 2.18 2.23 2.3  2.39 2.43 2.45 2.46 2.47 2.48 2.6  2.61 2.64
 2.7  2.74 2.75 2.76 2.83 2.85 2.91 2.93 3.07 3.15 3.26 3.74 4.4  4.54
 4.57 4.58 4.59 4.59 4.59 4.64 4.65 4.66 4.66 4.68 4.69 4.69 4.69 4.69
 4.72 4.72 4.74 4.76 4.76 4.76 4.76 4.77 4.77 4.77 4.77 4.77 4.77 4.78
 4.78 4.78 4.79 4.8  4.8  4.8  4.81 4.81 4.82 4.82 4.83 4.83 4.83 4.84
 4.84 4.84 4.85 4.85 4.85 4.85 4.85 4.86 4.86 4.87 4.87 4.87 4.87 4.87
 4.87 4.88 4.88 4.88 4.88 4.88 4.88 4.88 4.88 4.89 4.89 4.89 4.89 4.89
 4.9  4.9  4.9  4.91 4.91 4.91 4.91 4.92 4.92 4.92 4.92 4.92 4.92 4.92
 4.92 4.92 4.93 4.93 4.93 4.93 4.93 4.94 4.94 4.94 4.95 4.95 4.95 4.95
 4.96 4.96 4.96 4.96 4.97 4.97 4.97 4.97 4.97 4.97 4.97 4.97 4.97 4.97
 4.97 4.98 4.98 4.98 4.98 4.98 4.98 4.98 4.98 4.98 4.99 4.99 4.99 4.99
 4.99 4.99 4.99 4.99 4.99 4.99 5.   5.   5.   5.   5.   5.   5.   5.
 5.   5.   5.   5.01 5.01 5.01 5.01 5.01 5.01 5.01 5.02 5.02 5.02 5.02
 5.02 5.02 5.02 5.03 5.03 5.03 5.03 5.03 5.03 5.03 5.03 5.03 5.04 5.04
 5.04 5.04 5.04 5.04 5.04 5.04 5.04 5.05 5.05 5.05 5.05 5.05 5.05 5.06
 5.06 5.06 5.06 5.06 5.06 5.06 5.07 5.07 5.07 5.07 5.07 5.07 5.07 5.07
 5.07 5.08 5.08 5.08 5.08 5.08 5.08 5.08 5.08 5.08 5.08 5.08 5.08 5.09
 5.09 5.09 5.09 5.09 5.09 5.09 5.09 5.09 5.09 5.09 5.09 5.09 5.09 5.09
 5.1  5.1  5.1  5.1  5.1  5.1  5.1  5.1  5.11 5.11 5.11 5.11 5.11 5.12
 5.12 5.12 5.12 5.12 5.12 5.12 5.12 5.12 5.12 5.12 5.12 5.13 5.13 5.13
 5.13 5.13 5.13 5.13 5.13 5.13 5.13 5.13 5.13 5.13 5.14 5.14 5.14 5.14
 5.14 5.14 5.15 5.15 5.15 5.15 5.16 5.17 5.17 5.17 5.17 5.17 5.17 5.17
 5.17 5.18 5.18 5.19 5.19 5.19 5.19 5.19 5.19 5.19 5.19 5.19 5.19 5.19
 5.19 5.19 5.2  5.2  5.2  5.2  5.2  5.2  5.2  5.2  5.2  5.2  5.2  5.2
 5.21 5.21 5.21 5.21 5.21 5.21 5.21 5.21 5.21 5.21 5.21 5.21 5.21 5.21
 5.21 5.21 5.21 5.21 5.21 5.21 5.21 5.22 5.22 5.22 5.22 5.22 5.22 5.22
 5.22 5.22 5.22 5.22 5.22 5.22 5.22 5.22 5.22 5.22 5.22 5.23 5.23 5.23
 5.23 5.23 5.23 5.23 5.23 5.23 5.23 5.23 5.23 5.23 5.23 5.23 5.23 5.23
 5.23 5.23 5.23 5.23 5.23 5.23 5.23 5.23 5.24 5.24 5.24 5.24 5.24 5.24
 5.24 5.24 5.24 5.24 5.24 5.24 5.24 5.24 5.24 5.24 5.24 5.24 5.24 5.24
 5.24 5.24 5.24 5.24 5.25 5.25 5.25 5.25 5.25 5.25 5.25 5.25 5.25 5.25
 5.25 5.25 5.26 5.26 5.26 5.26 5.26 5.26 5.26 5.26 5.27 5.27 5.28 5.34
 5.34 5.34 5.34 5.34 5.35 5.35 5.35 5.35 5.35 5.35 5.35 5.35 5.35 5.35
 5.35 5.35 5.35 5.35 5.35 5.35 5.35 5.35 5.35 5.35 5.35 5.35 5.35 5.35
 5.35 5.35 5.35 5.35 5.35 5.35 5.35 5.35 5.35 5.35 5.35 5.35 5.35 5.35
 5.36 5.36 5.36 5.36 5.36 5.36 5.36 5.37 5.37 5.37 5.37 5.37 5.38 5.38
 5.38 5.38 5.38 5.39 5.39 5.39 5.4  5.43]
10,2,18,5,13,24,21,3,11,7,12,9,16,20,15,22,1,4,0,23,8,17,6,19,14,25,299,
325,360,433,233,135,229,64,246,107,403,121,292,478,77,281,189,49,479,200,
80,38,96,406,343,422,267,331,388,52,241,375,159,490,245,105,152,149,68,204,
366,27,298,250,36,101,395,194,193,438,329,108,198,255,378,190,87,151,455,
262,328,277,81,240,404,339,352,109,116,279,215,487,324,419,230,505,161,274,
435,43,216,507,53,88,89,400,136,251,469,272,201,226,289,65,426,275,473,
139,468,271,259,199,414,508,368,115,85,37,464,209,359,131,169,306,460,376,
176,322,182,55,69,316,452,140,319,188,470,174,286,249,427,391,26,301,381,
178,337,373,237,448,234,410,155,440,320,471,425,247,399,183,153,346,61,
219,295,372,476,342,485,285,126,33,495,341,467,203,187,379,447,511,130,459,
454,218,458,110,29,411,450,466,293,132,54,330,486,74,202,119,417,321,31,
268,431,439,75,323,46,137,35,472,258,196,457,370,500,164,350,402,489,30,
449,117,308,390,405,156,114,56,498,238,222,445,66,333,382,45,83,461,248,
348,266,429,205,446,423,315,284,317,231,408,318,287,168,428,141,86,94,385,
504,326,437,311,100,304,356,235,223,133,50,290,257,340,282,398,41,90,143,
95,103,254,488,474,243,501,167,401,309,307,444,310,148,327,424,497,59,
165,420,122,302,283,82,312,436,261,157,456,265,256,104,123,278,42,443,314,
150,92,355,71,34,477,236,160,363,40,97,354,263,451,186,496,365,384,377,
369,58,112,125,499,383,253,374,144,463,120,386,84,213,260,217,415,118,
138,338,244,208,51,409,232,76,111,44,57,163,442,269,142,180,361,147,397,
179,175,296,336,134,106,158,294,482,91,305,407,280,270,421,129,480,184,
99,344,389,273,393,197,154,291,242,224,67,113,276,453,493,207,367,297,
127,124,441,509,227,62,506,173,264,351,211,210,195,371,396,418,347,72,
252,170,93,102,392,214,494,300,166,98,380,206,28,484,481,503,491,462,
353,434,335,334,332,145,146,73,47,79,48,162,510,171,225,181,185,70,345,
313,416,432,430,349,413,412,39,78,362,364,192,357,221,228,394,220,288,
502,483,128,191,239,212,465,60,63,475,177,387,172,303,358,32,492



c14 (22, 125) 20000
[2.24 2.27 2.4  2.43 2.47 2.52 2.54 2.57 2.67 2.68 2.68 2.71 2.76 2.79
 2.83 2.88 2.98 3.06 3.09 3.1  3.12 3.2  4.12 4.54 4.56 4.57 4.57 4.58
 4.6  4.6  4.61 4.63 4.64 4.66 4.66 4.67 4.7  4.71 4.72 4.76 4.76 4.77
 4.77 4.77 4.78 4.79 4.79 4.79 4.79 4.8  4.81 4.81 4.82 4.83 4.83 4.83
 4.84 4.84 4.84 4.85 4.85 4.85 4.85 4.86 4.87 4.88 4.88 4.88 4.89 4.89
 4.89 4.89 4.89 4.89 4.89 4.9  4.9  4.9  4.9  4.91 4.91 4.92 4.92 4.92
 4.93 4.93 4.93 4.93 4.93 4.93 4.93 4.93 4.94 4.94 4.95 4.95 4.95 4.95
 4.95 4.95 4.96 4.96 4.96 4.97 4.97 4.97 4.97 4.97 4.98 4.98 4.98 4.98
 4.98 4.99 4.99 4.99 4.99 4.99 4.99 4.99 4.99 5.   5.   5.   5.   5.
 5.   5.   5.   5.   5.   5.01 5.01 5.01 5.01 5.01 5.01 5.02 5.02 5.02
 5.02 5.02 5.03 5.03 5.03 5.04 5.04 5.04 5.04 5.04 5.04 5.04 5.04 5.04
 5.04 5.04 5.04 5.04 5.05 5.05 5.05 5.05 5.05 5.05 5.05 5.05 5.05 5.06
 5.06 5.06 5.06 5.06 5.06 5.06 5.07 5.07 5.07 5.07 5.07 5.07 5.07 5.07
 5.08 5.08 5.08 5.08 5.08 5.08 5.08 5.08 5.08 5.09 5.09 5.09 5.09 5.09
 5.09 5.09 5.09 5.09 5.1  5.1  5.1  5.1  5.1  5.1  5.1  5.1  5.1  5.1
 5.11 5.11 5.11 5.11 5.11 5.11 5.11 5.11 5.11 5.12 5.12 5.12 5.12 5.12
 5.12 5.12 5.12 5.12 5.12 5.13 5.13 5.13 5.13 5.13 5.13 5.13 5.13 5.13
 5.13 5.13 5.14 5.14 5.14 5.14 5.14 5.14 5.14 5.14 5.14 5.14 5.15 5.15
 5.15 5.15 5.15 5.15 5.16 5.16 5.16 5.16 5.16 5.17 5.17 5.17 5.17 5.17
 5.17 5.18 5.18 5.18 5.18 5.18 5.18 5.18 5.18 5.18 5.19 5.19 5.19 5.19
 5.19 5.19 5.19 5.19 5.19 5.19 5.2  5.2  5.2  5.2  5.2  5.2  5.2  5.2
 5.2  5.2  5.2  5.2  5.2  5.2  5.21 5.21 5.21 5.21 5.21 5.21 5.21 5.21
 5.21 5.21 5.21 5.21 5.21 5.21 5.21 5.21 5.21 5.21 5.21 5.21 5.21 5.21
 5.21 5.21 5.21 5.21 5.21 5.21 5.22 5.22 5.22 5.22 5.22 5.22 5.22 5.22
 5.22 5.22 5.22 5.22 5.22 5.22 5.22 5.22 5.22 5.22 5.22 5.22 5.22 5.22
 5.22 5.22 5.22 5.22 5.22 5.22 5.22 5.22 5.23 5.23 5.23 5.23 5.23 5.23
 5.23 5.23 5.23 5.23 5.23 5.23 5.23 5.23 5.23 5.23 5.23 5.23 5.23 5.23
 5.23 5.23 5.23 5.23 5.23 5.23 5.23 5.23 5.23 5.24 5.24 5.24 5.24 5.24
 5.24 5.24 5.24 5.24 5.24 5.24 5.24 5.24 5.24 5.24 5.24 5.24 5.24 5.24
 5.24 5.24 5.25 5.25 5.25 5.25 5.25 5.25 5.25 5.25 5.26 5.26 5.27 5.27
 5.27 5.27 5.27 5.28 5.29 5.34 5.34 5.34 5.34 5.34 5.34 5.34 5.34 5.34
 5.34 5.34 5.34 5.34 5.34 5.34 5.35 5.35 5.35 5.35 5.35 5.35 5.35 5.35
 5.35 5.35 5.35 5.35 5.35 5.35 5.35 5.35 5.35 5.35 5.35 5.35 5.35 5.35
 5.35 5.35 5.35 5.35 5.35 5.35 5.35 5.35 5.35 5.35 5.35 5.35 5.35 5.35
 5.35 5.35 5.35 5.35 5.36 5.36 5.36 5.36 5.36 5.36 5.36 5.36 5.36 5.36
 5.36 5.37 5.37 5.37 5.37 5.37 5.37 5.37 5.37 5.37 5.37 5.37 5.37 5.37
 5.38 5.38 5.39 5.39 5.4  5.4  5.41 5.42]
10,4,1,16,11,13,21,0,12,7,9,17,3,15,2,5,14,19,20,8,6,18,22,164,431,141,192,
348,58,414,459,359,80,250,29,174,125,92,437,499,251,403,279,428,194,507,94,
25,72,331,399,352,283,157,315,87,295,53,150,320,81,511,139,323,336,489,481,
290,158,190,402,365,301,187,505,433,278,293,461,173,176,115,109,286,340,143,
257,326,51,423,231,214,509,85,421,100,317,27,280,443,500,364,349,45,193,136,
199,234,413,105,191,163,354,328,256,454,456,208,268,237,248,128,400,493,347,
473,201,134,121,491,215,492,170,261,221,435,424,230,319,478,147,397,482,426,
242,271,253,429,207,181,469,276,184,217,370,49,281,448,418,389,441,387,361,
405,151,468,211,241,73,55,179,384,366,86,91,120,362,273,103,465,212,475,
302,432,46,409,166,161,140,332,289,154,455,52,117,39,102,471,142,275,37,
129,238,444,285,503,419,284,233,372,269,156,463,28,388,260,266,390,96,210,
304,59,135,351,177,291,470,308,54,88,62,394,383,425,63,245,466,83,203,243,
110,442,258,452,318,312,378,68,24,335,104,358,246,61,213,369,457,486,353,274,
171,79,407,303,296,263,508,381,510,175,506,434,189,439,338,420,368,341,377,
226,497,123,146,56,498,36,451,357,44,342,477,255,232,228,360,70,127,385,186,
153,430,447,218,292,206,159,490,254,112,406,95,294,180,445,244,124,344,446,
41,97,30,223,374,496,343,31,480,363,346,148,462,329,202,252,306,42,90,236,
272,113,200,168,67,50,262,314,305,48,395,111,23,356,65,101,152,380,309,321,
350,118,225,119,339,222,382,33,160,185,66,411,198,60,467,472,297,34,484,
412,99,401,77,183,106,57,64,376,145,265,71,75,298,130,229,133,122,227,84,
483,93,98,410,220,396,464,247,40,69,488,172,114,325,195,108,216,126,182,
494,408,373,476,501,485,167,316,337,436,300,249,299,460,107,404,138,35,
398,379,204,240,375,282,188,270,313,38,322,149,355,78,327,47,196,345,26,
165,224,479,162,427,367,43,415,458,504,393,438,391,131,132,386,449,219,422,
209,259,89,116,416,334,205,82,440,169,155,502,453,264,178,287,288,144,474,
137,324,197,487,239,495,333,371,417,307,330,76,311,267,74,450,277,392,32,
235,310


c15 

[2.25 2.36 2.43 2.46 2.47 2.61 2.65 2.7  2.71 2.74 2.74 2.74 2.75 2.75
 2.85 2.93 2.99 3.02 3.06 3.1  3.18 3.82 4.34 4.54 4.54 4.61 4.66 4.71
 4.71 4.75 4.76 4.76 4.8  4.8  4.81 4.84 4.84 4.84 4.85 4.85 4.85 4.86
 4.86 4.86 4.86 4.86 4.88 4.88 4.89 4.89 4.89 4.89 4.9  4.9  4.9  4.9
 4.9  4.9  4.91 4.91 4.92 4.92 4.92 4.92 4.92 4.92 4.93 4.93 4.93 4.93
 4.93 4.94 4.94 4.94 4.94 4.95 4.95 4.95 4.95 4.95 4.95 4.95 4.96 4.96
 4.96 4.96 4.96 4.97 4.97 4.97 4.97 4.97 4.97 4.97 4.97 4.97 4.98 4.98
 4.98 4.98 4.99 4.99 4.99 4.99 4.99 4.99 4.99 4.99 4.99 4.99 4.99 4.99
 4.99 4.99 5.   5.   5.   5.   5.   5.   5.   5.   5.   5.   5.01 5.01
 5.01 5.01 5.02 5.02 5.02 5.02 5.02 5.02 5.02 5.02 5.03 5.03 5.03 5.03
 5.03 5.03 5.03 5.03 5.04 5.04 5.04 5.04 5.04 5.04 5.04 5.04 5.04 5.04
 5.04 5.05 5.05 5.05 5.05 5.05 5.05 5.05 5.05 5.05 5.06 5.06 5.06 5.06
 5.06 5.06 5.06 5.06 5.06 5.06 5.06 5.07 5.07 5.07 5.07 5.07 5.08 5.08
 5.08 5.08 5.08 5.08 5.08 5.08 5.08 5.08 5.08 5.08 5.08 5.08 5.08 5.08
 5.09 5.09 5.09 5.09 5.09 5.09 5.09 5.09 5.09 5.09 5.09 5.09 5.09 5.09
 5.09 5.09 5.1  5.1  5.1  5.1  5.1  5.1  5.1  5.1  5.1  5.1  5.1  5.1
 5.1  5.1  5.1  5.1  5.1  5.1  5.11 5.11 5.11 5.11 5.11 5.11 5.11 5.11
 5.11 5.11 5.11 5.11 5.11 5.11 5.11 5.11 5.11 5.11 5.12 5.12 5.12 5.12
 5.12 5.12 5.12 5.13 5.13 5.13 5.13 5.13 5.13 5.13 5.13 5.14 5.14 5.14
 5.14 5.14 5.14 5.14 5.15 5.15 5.15 5.15 5.15 5.15 5.15 5.15 5.16 5.16
 5.16 5.17 5.17 5.17 5.17 5.18 5.18 5.18 5.19 5.19 5.19 5.19 5.19 5.19
 5.19 5.19 5.19 5.2  5.2  5.2  5.2  5.2  5.2  5.2  5.2  5.2  5.2  5.2
 5.2  5.2  5.2  5.21 5.21 5.21 5.21 5.21 5.21 5.21 5.21 5.21 5.21 5.21
 5.21 5.21 5.21 5.21 5.21 5.21 5.21 5.21 5.21 5.21 5.21 5.21 5.21 5.21
 5.21 5.21 5.21 5.22 5.22 5.22 5.22 5.22 5.22 5.22 5.22 5.22 5.22 5.22
 5.22 5.22 5.22 5.22 5.22 5.22 5.22 5.22 5.22 5.22 5.22 5.23 5.23 5.23
 5.23 5.23 5.23 5.23 5.23 5.23 5.23 5.23 5.23 5.23 5.23 5.23 5.23 5.23
 5.23 5.23 5.23 5.23 5.23 5.23 5.23 5.24 5.24 5.24 5.24 5.24 5.24 5.24
 5.24 5.24 5.24 5.24 5.24 5.24 5.24 5.24 5.25 5.25 5.25 5.25 5.25 5.25
 5.25 5.25 5.25 5.25 5.25 5.25 5.25 5.25 5.25 5.26 5.26 5.26 5.26 5.27
 5.27 5.27 5.27 5.28 5.28 5.34 5.34 5.34 5.34 5.34 5.34 5.34 5.34 5.34
 5.34 5.34 5.34 5.34 5.34 5.34 5.34 5.34 5.34 5.34 5.34 5.35 5.35 5.35
 5.35 5.35 5.35 5.35 5.35 5.35 5.35 5.35 5.35 5.35 5.35 5.35 5.35 5.35
 5.35 5.35 5.35 5.35 5.35 5.35 5.35 5.35 5.35 5.35 5.35 5.35 5.35 5.35
 5.35 5.35 5.35 5.35 5.35 5.35 5.35 5.35 5.35 5.35 5.35 5.35 5.35 5.35
 5.35 5.35 5.36 5.36 5.36 5.36 5.36 5.36 5.36 5.36 5.36 5.36 5.37 5.37
 5.38 5.39 5.39 5.39 5.39 5.4  5.41 5.42]
5,12,17,9,6,0,2,1,19,7,10,18,11,3,8,13,16,15,14,20,4,21,301,310,456,97,192,
335,37,275,378,455,350,354,416,395,341,313,501,195,235,433,469,154,33,439,
76,479,123,222,172,152,215,96,353,71,26,201,449,388,95,319,468,73,223,509,
251,355,118,161,187,145,303,387,298,295,447,107,305,94,40,445,342,185,133,
399,421,499,169,65,80,67,281,276,363,246,429,156,425,470,23,427,478,511,480,
360,299,366,171,488,359,32,41,58,314,361,81,272,500,253,332,340,400,129,61,371,
141,290,357,91,471,249,206,22,473,232,108,273,144,426,177,411,401,230,385,99,
248,503,53,127,362,66,459,180,188,390,31,486,307,242,35,243,336,153,25,125,
311,372,461,29,277,104,265,234,162,90,142,83,442,200,110,472,384,137,54,410,
274,498,63,302,50,219,333,375,204,434,224,247,507,382,117,178,121,147,448,
202,214,349,109,267,148,441,266,87,70,126,339,128,374,179,495,321,261,159,
502,312,138,146,260,304,257,402,196,466,481,228,452,391,458,75,39,475,364,
328,320,436,344,508,132,376,164,255,271,199,477,143,64,403,197,140,218,
317,79,135,446,431,105,184,139,27,51,283,414,157,24,491,88,419,42,112,170,
309,163,392,325,44,98,424,343,231,225,356,193,422,101,176,220,352,209,241,
279,84,365,435,120,213,130,49,167,412,510,59,476,212,420,482,505,379,398,
394,300,288,380,331,423,190,86,278,226,493,264,113,407,92,136,69,116,216,
45,38,293,464,405,406,377,381,237,306,252,373,483,463,337,115,338,186,451,
291,191,175,245,297,351,485,369,432,404,56,389,72,329,292,370,460,62,149,
497,280,334,229,30,397,34,417,437,182,103,256,462,496,457,490,114,262,240,
316,444,254,284,210,189,150,68,346,168,408,263,259,269,289,217,82,465,60,
506,415,244,323,294,358,131,55,413,348,368,324,183,160,181,158,194,285,
77,327,111,102,440,166,308,208,236,367,494,315,296,270,258,173,467,474,
504,106,28,52,165,330,489,174,124,211,74,286,239,93,345,122,205,233,393,
151,418,48,47,100,198,78,438,386,430,450,119,322,227,238,428,383,282,155,
492,36,203,396,454,43,453,347,221,484,287,487,250,409,326,318,57,46,89,85,
443,207,134,268









